
6.788245137044147
2.053165817399083
0.077854267483121
0.759336580954995
-0.849047391702472
0.185197406495451
-0.044833286238772
-0.217766185417988
-1.800927459502649
-0.579110068130426
-0.693079326912382
0.569606304435821
-1.046974425881142
-1.133704697721955
-2.770955252192005
-1.491128017296930
-1.562266550717888
-0.267391214171498
-1.925664509245507
-1.986706801452193
-2.042791477165240
-0.735411680617265
-2.410331640849293
-2.460517305545972
-4.145084026712574
-4.193789773901884
-4.239507256546258
-2.923389832011241
-2.963974766828771
-1.643203156235707
-1.679552348883970
-1.714053712902167
-1.746859712550830
-1.778105820231911
-3.483759159239909
-2.155942000482767
-2.185908607796573
-2.214614329284021
-3.928676796058831
-2.598375960261713
-2.626099529709009
-1.293636837144440
-1.319334684766059
-1.344111617860069
-1.368022167765215
-0.031975535275443
-0.054299696059442
-0.075896309470089
-0.096804722924354
-0.117061364805149
-0.136700016669298
1.203388859108280
-0.528552451423067
-0.548013858520953
-2.283327009998921
-2.303135058496746
-2.322407589876633
-0.982027904601537
-1.000300535864387
0.341035031147722
0.323676937772088
0.306747253827581
0.290228231965628
0.274103141141776
-1.470656682939385
-0.127998324076266
-0.144106810568392
-0.159855522209110
-0.175257996403200
1.168813849547071
1.154066014874534
2.498768772015051
0.747473987492274
0.732699374535134
0.718221643217092
0.704030705703968
0.690116950333906
2.035612127302894
2.022225665265708
2.009090132121433
1.996197555235987
3.342681228631641
1.584627724321678
1.571656599643561
1.558913273390921
1.546390950165357
1.534083116987350
2.881124442585250
1.119217998549406
1.106828878954069
1.094641970733935
1.082651654788915
-0.681843548539184
-0.694101850315285
-0.706169096799293
0.641090549332141
0.629390371118795
0.617866573777178
0.606514619376568
1.954471047368472
1.943449810184028
3.291728665771700
3.281021857080944
3.270466505352346
3.260058947223520
4.608936557531202
4.598814087035279
5.947970056948108
4.176173804896543
4.165942875020043
4.155846933279008
5.505023842484327
5.495188819384460
5.485479916131013
3.710977706278818
3.701039564058121
3.691225378116222
3.681532495463792
1.905183624436326
1.895275327684892
1.885486260398864
1.875813958267258
0.097711873966922
0.087836634156240
-1.691321705173145
-0.342248239434426
-0.352200636024364
-0.362040242196045
-2.142816656932737
-0.793697161770758
-0.803607776915939
-0.813409697163905
-2.595729544359244
-2.605703803575601
-2.615571256277832
-1.266192958727743
-1.275852658773410
0.073729602058656
0.064270173097192
0.054908192568107
0.045641929173925
0.036469694880189
0.027389843529164
0.018400769507274
-1.767471792664040
-1.776622903060947
-1.785684507222754
-0.435517202674717
-2.222713045234372
-0.872700144813322
-0.881741389193245
-0.890697289454820
-0.899569237937847
-0.908358594990879
-2.697285961420910
-1.347081326718381
-1.355936102714132
-1.364710661004906
-3.154841434189230
-3.163756468851801
-3.172592336107591
-1.822209338563155
-1.830890495149454
-1.839496056478517
-1.848027162470309
-0.497344014578836
-0.505729533372261
-0.514043873795757
-2.306580873964009
-2.315028479926816
-2.323405713447066
-0.972572676502800
-0.980812193057169
-0.988984324223502
-2.782984431994947
-2.791284001936972
-2.799516913648212
-1.448543181707535
-3.243565014755717
-1.892713738949375
-1.900938356263900
-1.909098837747969
-3.705108610730399
-3.713386887459912
-3.721601717675554
-3.729753945892419
-3.737844400748472
-3.745873895388549
-3.753843227837145
-2.402612267130515
-2.410463610586142
-1.059116184536919
-1.066852558498603
-1.074532545884793
-1.082156861237500
0.269414707928298
0.261899643911526
1.613579098144996
1.606170577080540
1.598814341524616
1.591509749456876
1.584256170003464
-0.215400813028886
-0.222764610748776
-2.022950915511849
-2.030421575565633
-2.037841394137466
-2.045210973694715
-3.846225711082745
-2.494557634182868
-2.501980633192233
-2.509354372887884
-2.516679422758784
-2.523956342977769
-2.531185684597887
-2.538367989743776
-2.545503791797913
-2.552593615582268
-2.559637977535431
-2.566637385885073
-2.573592340816148
-1.221362420405498
-3.024635176097476
-3.031644140318775
-3.038609425198104
-1.686390591353813
-1.693269934782975
-0.340966087399721
-2.145256253183732
-2.152187853366698
-2.159077439204751
-0.806784540961132
-0.813591424926472
-0.820357608170383
-2.625628903823397
-2.632486391201823
-2.639303422398839
-1.286939500002191
-3.092901973281599
-1.740626651866179
-1.747452449089309
-1.754238853704450
-1.760986262911274
-1.767695068233095
-1.774365655621665
-1.780998405559203
-1.787593693158598
-1.794151888261055
-3.601530472841304
-2.249032830779797
-2.255639210907617
-2.262209057213568
-2.268742722984058
-2.275240556661203
-4.083496051222042
-2.730935361332101
-2.737479941758821
-2.743989216031309
-4.552863838298975
-4.559453254929153
-4.566007553623223
-3.213386147661950
-5.022865788353201
-5.029463292241132
-5.036026193586480
-5.042554810065667
-5.049049455217130
-3.696369524281479
-5.506660023682556
-4.154055783109172
-4.160558971644974
-4.167028975455111
-4.173466091109830
-4.179870611417797
-4.186242825487753
-2.833442104559339
-2.839750558980398
-2.846027552887662
-4.657525259023643
-3.304734345361027
-3.311053033724022
-1.958199766244689
-3.770244987731004
-3.776603825590598
-3.782931770293317
-3.789229084943685
-3.795496029464388
-3.801732860646155
-3.807939832196340
-3.814117194786732
-3.820265196100635
-2.467243166649212
-2.473333176734727
-2.479394551117892
-2.485427525979262
-2.491432334732437
-2.497409208065875
-2.503358373984227
-4.317113739933419
-4.323130965012183
-4.329120587670758
-4.335082830108632
-4.341017911983826
-4.346926050450705
-6.161369585552194
-4.808203052222083
-4.814150589649032
-4.820071495339462
-4.825965978655887
-3.472693332392240
-3.478535589725837
-2.125211124643783
-3.940505193626436
-3.946385933437995
-3.952240954809369
-2.598929541062716
-2.604733716051697
-2.610512758814792
-2.616266860523496
-2.621996210281850
-2.627700995155635
-2.633381400200648
-2.639037608490668
-2.644669801144758
-4.461132637678091
-4.466826838597711
-4.472497095313315
-4.478143584794182
-4.483766482149534
-3.130225046424542
-3.135801277543052
-3.141354430954934
-3.146884674578317
-3.152392174593601
-3.157877095466631
-1.804198685742335
-1.809638934984960
-1.815057088423401
-3.632800139881056
-3.638277928101431
-3.643733673321123
-3.649167531568906
-3.654579657302264
-3.659970203428017
-3.665339321322321
-2.311546246621148
-2.316872956157624
-0.963037768374789
-2.781684669506021
-2.787048189122601
-2.792390769955304
-1.438571641638518
-1.443872775088494
-1.449153397144244
-1.454413647502960
-1.459653664507769
-1.464873585164796
-0.110932630930265
-0.116112764645024
-0.121273205173836
-0.126414084339103
-0.131535532707360
-0.136637679604561
-0.141720653131514
-0.146784580178590
1.207311327788616
1.202285117796933
1.197277580728155
1.192288594387009
1.187318037716736
1.182365790785198
2.536572649000945
2.531656666181902
2.526758639919365
2.521878454646810
2.517015995856866
2.512171150088562
3.866484719144722
3.861674763161403
3.856882085973240
3.852106578183381
5.206489045610795
3.385211220340835
3.380399080723436
1.558892983808917
1.554027965528462
1.549180092927656
2.903490173702963
2.898676273805222
2.893879202805820
2.889098856968019
2.884335133465967
2.879587930374328
2.874857146658158
1.052576472992911
2.406935245439030
2.402169513052229
2.397420090746706
0.574786802346935
1.929127863821378
1.924344309305752
1.919576955399705
1.914825705306640
1.910090463053876
0.086978700886519
0.082194094626388
0.077425484260019
1.431813689651563
1.427076788770009
1.422355603057611
1.417650040503176
1.412960009863312
1.408285420654138
1.403626183142862
1.398982208340129
1.394353407991559
1.389739694570252
2.744281895498474
0.920194435944310
2.274688939350241
2.270057522363388
2.265441013784809
2.260839328880039
2.256252383600952
2.251680094578916
2.247122379117442
2.242579155185226
2.238050341409291
0.413268871905444
1.767834547235083
1.763273714419356
3.117868121796320
3.113335861421405
3.108817768667222
1.283600273004552
1.279036674984880
1.274487240162927
2.629092805110560
0.803564911976252
0.798984803082504
0.794418773860826
2.149007662061194
0.323173546505586
0.318577486346427
0.313995422158882
0.309427278620859
0.304872980988279
1.659473369319045
1.654946541549108
1.650433338864133
1.645933688775841
1.641447519345917
1.636974759180760
1.632515337426142
1.628069183761767
2.982777142625778
2.978357316291380
2.973950550238925
2.969556776232849
4.324316840775552
4.319948848184666
5.674734560194665
3.847700047763766
3.843302574652128
2.016090747001968
3.370792441243580
3.366366074822608
3.361952496143360
1.534456616300659
1.530001929688865
1.525560027016056
1.521130843385308
-0.306645519667867
-0.311115188452973
-0.315572143111567
-0.320016447627637
-0.324448165525482
1.030273554355233
1.025866820937381
1.021472486279094
1.017090488651675
1.012720766765057
1.008363259763740
1.004017907222760
0.999684649143674
2.354504340180455
2.350195092717158
2.345897762241577
0.517222691409629
1.872027086450700
1.867702483171641
1.863389737842937
1.859088792907983
1.854799591209016
0.025757962047365
0.021430252502142
0.017114284817467
1.371950916819017
1.367658264030638
1.363377185048122
1.359107624617764
2.713990442091756
2.709743754507244
2.705508421959735
2.701284390681963
2.697071607270189
2.692870018680878
4.047820486457297
4.043641129808080
4.039472810981422
4.035315478343847
4.031169080606858
4.027033566823789
4.022908886386801
4.018794989024201
4.014691824797424
4.010599344098154
4.006517497645376
4.002446236482797
5.357526426205524
5.353476190039189
6.708577308443822
6.704547905275135
6.700528847388441
6.696520087718014
6.692521579503762
6.688533276288993
6.684555131917634
6.680587100531724
6.676629136569147
6.672681194760699
6.668743230128172
6.664815197981497
6.660897053916614
4.829875014457230
4.825920821618752
4.821976524721322
4.818042079862664
4.814117443418752
6.169343486271174
6.165438336886496
6.161542866691178
4.330101619210694
4.326170785142438
4.322249638001864
5.677479049691470
5.673577149689322
5.669684810424144
5.665801990355135
5.661928648199421
5.658064742929781
5.654210233772858
5.650365080206882
5.646529241959939
3.814500878199624
5.169771446556240
5.165910424386482
5.162058686081025
5.158216192044449
5.154382902922436
5.150558779600175
6.505884697429849
6.502078789310758
6.498281931064497
6.494494084515111
6.490715211716832
6.486945274952149
7.842325150959596
6.009640342426962
7.364986625140062
7.361200901410712
7.357424048364862
7.353656029119691
7.349896807011760
5.516907836831280
6.872256450091811
6.868472954978841
6.864698229434538
6.860932237385015
6.857174942968811
6.853426310534644
6.849686304640244
5.016315129806912
5.012542633381941
5.008778772026602
6.364164424886411
6.360417728621826
6.356679562784194
6.352949892896049
6.349228684679247
6.345515904053059
7.700952431362765
5.867125321139639
5.863389098383692
5.859661277965046
5.855941826334231
5.852230710132858
7.207668810422547
7.203974265764828
8.559428871826697
8.555750767542946
8.552080834721437
8.548419041123793
8.544765354693510
8.541119743554390
9.896623090239274
9.892993534770085
9.889371960033969
9.885758334863908
9.882152628266851
9.878554809422610
11.234105761912019
11.230523626797606
11.226949287999474
11.223382715376232
12.578964793182479
12.575413663149618
13.931011124091725
13.927475318067536
13.923947129986431
13.920426530688957
13.916913491175364
13.913407982604298
13.909909976291857
13.906419443710320
13.902936356487203
13.899460686403813
13.895992405394708
13.892531485546215
15.248218813324939
15.244772532658828
15.241333530312971
13.405910826276795
13.402441824384709
11.566900304771451
11.563401568396273
11.559910160751542
11.556426054552787
11.552949222660914
12.908620552310680
12.905158188191564
14.260843932053291
12.424964396767990
12.421479979119113
10.585484213508948
11.941111717219343
11.937605547798796
11.934106592946108
11.930614826269704
11.927130221515966
11.923652752568643
13.279323307677032
11.442996961416668
11.439498075203886
11.436006308508723
11.432521635572670
11.429044030770626
12.784714382839468
12.781250837958993
14.136935199357936
14.133485613476523
14.130042969572514
14.126607242802265
14.123178408449348
14.119756441923670
14.116341318760703
14.112933014620467
14.109531505287123
14.106136766667674
14.102748774791365
14.099367505808914
15.455133850221330
13.618065644008965
13.614663411056597
13.611267887637268
14.967019964442954
14.963637789595282
14.960262254021700
13.122948284950240
13.119545448527276
13.116149261326740
14.471900614462754
14.468517656476223
14.465141278710661
12.627584530940538
12.624181206299085
12.620784471425821
12.617394303617232
10.779664060468178
12.135388142751765
12.131977886895612
12.128574184607487
12.125177013476247
12.121786351200114
10.283818313922581
10.280401327177572
10.276990857948135
10.273586884110131
8.435448867612081
9.791159755269121
9.787736232262347
9.784319190873731
7.946012625356701
7.942569798335796
7.939133460637635
7.935703590490448
7.932280166226434
9.288004080511740
9.284593483426988
9.281189267843899
9.277791412506957
9.274399896261656
7.435735131660067
7.432318265356201
5.593552319565049
5.590110301397232
5.586674658156028
6.942386283049842
6.938963326697433
6.935546682505048
6.932136329747237
6.928732247796205
6.925334416120648
6.921942814285813
6.918557421952301
8.274319133105763
8.270946099137319
8.267579214220774
8.264218458393771
8.260863811786749
8.257515254622319
9.613313681444424
9.609977244199200
9.606646837612431
9.603322442270070
9.600004038847572
9.596691608109523
10.952526045138228
9.112981169869926
9.109650337958840
9.106325467467116
10.462147453618911
10.458834449036829
10.455527349118142
10.452226135116291
10.448930788370205
10.445641290303172
10.442357622422946
8.602476278147350
9.958309563829431
9.955007773266431
9.951711802330038
9.948421632745209
9.945137246319121
9.941858624940721
11.297726664809488
11.294459519517204
11.291198085424583
9.450985998914518
10.806841901227642
10.803562608220773
10.800289016382408
8.959925338763696
8.956628391647286
8.953337153036728
8.950051605318180
8.946771730955390
10.302638426719341
10.299369846769167
10.296106888029243
10.292849533270441
11.648738679568652
11.645492481386697
11.642251835950532
11.639016726331022
11.635787135672871
11.632563047194424
11.629344444187069
9.788487373810341
9.785245926836978
9.782009972861999
9.778779495292241
7.937775823733062
7.934522712249191
7.931275084352166
9.287173837793006
9.283937127705457
9.280705851982276
9.277479994356810
9.274259538632123
9.271044468680742
9.267834768444089
9.264630421932281
9.261431413223562
9.258237726464074
10.614190260096819
10.611007169943491
10.607829354580986
10.604656798423008
10.601489485949344
10.598327401705205
10.595170530301289
10.592018856413006
10.588872364780514
10.585731040207946
10.582594867563500
10.579463831778583
11.935478832077592
11.932358025058988
13.288383224301811
13.285272586529032
13.282167011214142
13.279066483662490
13.275970989240534
11.434055890767496
11.430938609959384
11.427826370182828
11.424719156897282
11.421616955621971
12.777660666165673
12.774568445707985
14.130622108405618
14.127539811556204
14.124462455204366
12.282249609819274
13.638291705168939
13.635197834562405
14.991249812362383
14.988165796070945
14.985086685936096
14.982012468033162
14.978943128494137
14.975878653507465
14.972819029317435
14.969764242224187
14.966714278583311
14.963669124805563
16.319769681586138
16.316734106986019
16.313703301809312
16.310677252684570
16.307655946293977
16.304639369373177
16.301627508711078
16.298620351149367
16.295617883582452
16.292620092956980
16.289626966271726
16.286638490577332
16.283654652975883
16.280675440620712
17.636841754945777
17.633871754747133
17.630906341559893
17.627945502739863
18.984130139922314
18.981178412103787
20.337372135248103
18.494252026513607
18.491284193274169
18.488320905026882
19.844503063577406
18.001252945027801
17.998273720131351
17.995299035777975
17.992328879614490
17.989363239336114
17.986402102685702
17.983445457454053
17.980493291479320
17.977545592646862
17.974602348888993
17.971663548184722
17.968729178559755
17.965799228085814
19.322014599110332
19.319093451337920
19.316176687207360
19.313264294973180
20.669497177164715
20.666593493667307
22.022835061329459
22.019940040125874
22.017049332763804
22.014162927765341
23.370421727925645
23.367543893395094
23.364670327055677
21.520752504992004
21.517859074196792
21.514969919733574
21.512085030315603
21.509204394698855
21.506328001681851
21.503455840105346
21.500587898852217
21.497724166847235
21.494864633056750
21.492009286488752
21.489158116192243
21.486311111257663
21.483468260815954
21.480629554038899
21.477794980138754
19.633467114025080
20.989753978686707
20.986904070076747
20.984058291692548
19.139608622427176
20.495884437658646
20.493023476717781
20.490166643157892
20.487313926342182
20.484465315672963
20.481620800592026
20.478780370579869
20.475944015155761
21.832252638107150
19.987542678133934
19.984691328261334
19.981844050217205
19.979000833612588
19.976161668096978
19.973326543357501
19.970495449119142
19.967668375143859
19.964845311231556
21.321167161448244
19.476200540912799
19.473362674027697
19.470528814579183
19.467698952455265
19.464873077580648
19.462051179916330
17.616921634376496
18.973222028473145
18.970385492889363
18.967552931866351
18.964724335451621
20.321040607958111
20.318219911045702
20.315403149098188
20.312590312305190
20.309781390891345
18.464400955475014
19.820714571172459
19.817891195222558
19.815071732128132
17.969576255356742
17.966738554983095
17.963904774453681
19.320215818319923
19.317389848479024
19.314567769550791
19.311749571959524
19.308935246163372
19.306124782654052
19.303318171956846
17.457576756001316
17.454752144349357
17.451931392372614
17.449114490643012
17.446301429765583
17.443492200378273
15.597594599405937
16.953908450233172
16.951085225008711
16.948265828646043
16.945450251861701
18.301779399634000
18.298971434284681
18.296167260856294
18.293366870193552
18.290570253173001
18.287777400702481
19.644129217951132
19.641343867430720
19.638562254372545
19.635784369809528
19.633010204805515
19.630239750454933
20.986613912112460
20.983850852474433
20.981091476956408
19.134740677807486
19.131963851111948
19.129190715228219
19.126421261383712
19.123655480835737
20.480034279101005
20.477275819037288
20.474521006220471
20.471769832026268
20.469022287859644
20.466278365154665
21.822678969604027
21.819942264240638
21.817209154814833
21.814479632875845
0.000000000000000
Execution Time: 253ms
