
0.943099502574758
0.988992161505209
1.017289871903478
1.008272791632176
1.022964133682901
1.033123215433962
1.028607474682586
1.011036392378944
0.996981387020222
0.998347395575965
1.004723751694690
0.998732258608380
1.004529984603871
0.998615710810767
0.997996250870225
1.000967956424160
1.002473670124503
1.000585816623904
1.005213168571391
1.005794483177913
1.005921690248078
1.010975046271825
1.012393101965691
1.014964905549131
1.013266270822736
1.011820144886377
1.013561417562267
1.017701384542061
1.018446910234640
1.021049704750884
1.020098850111455
1.022264599216088
1.022741498836058
1.023673709631731
1.024238986494319
1.020635518301782
1.025113579686101
1.030171566025511
1.028998758028015
1.028282247708070
1.028671842570787
1.029094827512715
1.026935556892355
1.027148725762884
1.027710101072856
1.030442720215156
1.029190414562758
1.030094133466227
1.030129440213057
1.030768767925573
1.031699169715005
1.032354000539703
1.031121960959325
1.033954618849930
1.031746548257803
1.029636736470193
1.030917519745330
1.030685576265487
1.028763654570440
1.030072304064419
1.029694413318933
1.029584797705747
1.030195273617289
1.031037866153934
1.031877153191489
1.032935336073297
1.031570624939479
1.032208666135682
1.033916062076735
1.030956569800482
1.032045409084827
1.031889357103861
1.032768382298375
1.033641290181483
1.032327683972007
1.031647304005719
1.032739115679661
1.030375232169023
1.030537686228168
1.031083496364787
1.030150219370825
1.028701044923892
1.025847952234208
1.024320688624100
1.024430961241022
1.023673865618972
1.024503972721429
1.024126188268546
1.024106161739152
1.023255669651541
1.021932331561419
1.020809460206861
1.020860772903031
1.019303097335559
1.017303461389477
1.018047652940194
1.018314956207756
1.018118473336545
1.018859740467991
1.017913402212602
Execution Time: 6381ms
